[gd_scene load_steps=6 format=2]

[ext_resource path="res://scenes/main.gd" type="Script" id=1]
[ext_resource path="res://scenes/player/Player.tscn" type="PackedScene" id=2]
[ext_resource path="res://scenes/exibit/Exibit.tscn" type="PackedScene" id=3]

[sub_resource type="BoxShape" id=1]
extents = Vector3( 15, 0.05, 15 )

[sub_resource type="CubeMesh" id=2]
size = Vector3( 30, 0.1, 30 )

[node name="Main" type="Node"]
script = ExtResource( 1 )

[node name="Floor" type="StaticBody" parent="."]
transform = Transform( 1, 0, 0, 0, 1, 0, 0, 0, 1, 0, -0.1, 0 )
collision_mask = 2

[node name="CollisionShape" type="CollisionShape" parent="Floor"]
shape = SubResource( 1 )

[node name="MeshInstance" type="MeshInstance" parent="Floor"]
mesh = SubResource( 2 )
material/0 = null

[node name="Player" parent="." instance=ExtResource( 2 )]
transform = Transform( 1, 0, 0, 0, 1, 0, 0, 0, 1, 0, 1.39074, 0 )

[node name="DirectionalLight" type="DirectionalLight" parent="."]
transform = Transform( 0.914635, 0.191416, -0.356093, 0.0617794, 0.804286, 0.591022, 0.399531, -0.562569, 0.723803, 0, 7.09923, 0 )
shadow_enabled = true

[node name="Exibit1" parent="." instance=ExtResource( 3 )]
transform = Transform( 0.997207, 0, 0.0747002, 0, 1, 0, -0.0747002, 0, 0.997207, -1.31717, 0, -6.34911 )

[node name="Exibit2" parent="." instance=ExtResource( 3 )]
transform = Transform( 0.924706, 0, -0.380683, 0, 1, 0, 0.380683, 0, 0.924706, 2.88643, 0, -5.25439 )
wave_angle = 1.944

[node name="Exibit3" parent="." instance=ExtResource( 3 )]
transform = Transform( 0.301072, 0, 0.953602, 0, 1, 0, -0.953602, 0, 0.301072, -7.32245, 0, -1.25918 )
wave_angle = 0.964

[node name="Exibit4" parent="." instance=ExtResource( 3 )]
transform = Transform( 0.69694, 0, 0.71713, 0, 1, 0, -0.71713, 0, 0.69694, -4.74456, 0, -4.75536 )
wave_angle = 2.197
