[gd_scene load_steps=9 format=2]

[ext_resource path="res://scenes/main.gd" type="Script" id=1]
[ext_resource path="res://scenes/player/Player.tscn" type="PackedScene" id=2]
[ext_resource path="res://scenes/exibit/Exibits/Exibit001.tscn" type="PackedScene" id=3]
[ext_resource path="res://assets/textures/meme002.png" type="Texture" id=4]
[ext_resource path="res://assets/textures/404.png" type="Texture" id=5]
[ext_resource path="res://assets/textures/meme001.png" type="Texture" id=6]

[sub_resource type="BoxShape" id=1]
extents = Vector3( 15, 0.05, 15 )

[sub_resource type="CubeMesh" id=2]
size = Vector3( 30, 0.1, 30 )

[node name="Main" type="Node"]
script = ExtResource( 1 )

[node name="Floor" type="StaticBody" parent="."]
transform = Transform( 1, 0, 0, 0, 1, 0, 0, 0, 1, 0, -0.1, 0 )
collision_mask = 2

[node name="CollisionShape" type="CollisionShape" parent="Floor"]
shape = SubResource( 1 )

[node name="MeshInstance" type="MeshInstance" parent="Floor"]
mesh = SubResource( 2 )
material/0 = null

[node name="Player" parent="." instance=ExtResource( 2 )]
transform = Transform( 1, 0, 0, 0, 1, 0, 0, 0, 1, 0, 1.39074, 0 )

[node name="DirectionalLight" type="DirectionalLight" parent="."]
transform = Transform( 0.866025, -0.383022, 0.321394, 0, 0.642788, 0.766044, -0.5, -0.663414, 0.55667, 0, 7.09923, 0 )
shadow_enabled = true

[node name="Exibit1" parent="." instance=ExtResource( 3 )]
transform = Transform( 0.0747002, 0, -0.997207, 0, 1, 0, 0.997207, 0, 0.0747002, -1.31717, 0, -6.34911 )
texture = ExtResource( 5 )

[node name="Exibit2" parent="." instance=ExtResource( 3 )]
transform = Transform( -0.380683, 0, -0.924706, 0, 1, 0, 0.924706, 0, -0.380683, 2.88643, 0, -5.25439 )
title = "Laughing guy"
info = "IDK. He speaks spanish lel"
texture = ExtResource( 6 )

[node name="Exibit3" parent="." instance=ExtResource( 3 )]
transform = Transform( 0.953602, 0, -0.301072, 0, 1, 0, 0.301072, 0, 0.953602, -7.32245, 0, -1.25918 )
texture = ExtResource( 4 )

[node name="Exibit4" parent="." instance=ExtResource( 3 )]
transform = Transform( 0.71713, 0, -0.69694, 0, 1, 0, 0.69694, 0, 0.71713, -4.74456, 0, -4.75536 )
