[gd_scene load_steps=6 format=2]

[ext_resource path="res://assets/player/Player.tscn" type="PackedScene" id=1]
[ext_resource path="res://assets/main.gd" type="Script" id=2]

[sub_resource type="BoxShape" id=1]
extents = Vector3( 0.5, 0.75, 3 )

[sub_resource type="CubeMesh" id=2]
size = Vector3( 30, 0.1, 30 )

[sub_resource type="CubeMesh" id=3]
size = Vector3( 1, 1.5, 6 )

[node name="Main" type="Node"]
script = ExtResource( 2 )

[node name="Floor" type="StaticBody" parent="."]
transform = Transform( 1, 0, 0, 0, 1, 0, 0, 0, 1, 0, -0.1, 0 )

[node name="CollisionShape" type="CollisionShape" parent="Floor"]
shape = SubResource( 1 )

[node name="MeshInstance" type="MeshInstance" parent="Floor"]
mesh = SubResource( 2 )
material/0 = null

[node name="Wall1" type="StaticBody" parent="."]
transform = Transform( 1, 0, 0, 0, 1, 0, 0, 0, 1, -5.37508, -0.1, 0 )

[node name="CollisionShape" type="CollisionShape" parent="Wall1"]
transform = Transform( 1, 0, 0, 0, 1, 0, 0, 0, 1, 0, 0.75, 0 )
shape = SubResource( 1 )

[node name="MeshInstance" type="MeshInstance" parent="Wall1"]
transform = Transform( 1, 0, 0, 0, 1, 0, 0, 0, 1, 0, 0.75, 0 )
mesh = SubResource( 3 )
material/0 = null

[node name="Wall2" type="StaticBody" parent="."]
transform = Transform( 1, 0, 0, 0, 1, 0, 0, 0, 1, 3.84098, -0.1, 0 )

[node name="CollisionShape" type="CollisionShape" parent="Wall2"]
transform = Transform( 1, 0, 0, 0, 1, 0, 0, 0, 1, 0, 0.75, 0 )
shape = SubResource( 1 )

[node name="MeshInstance" type="MeshInstance" parent="Wall2"]
transform = Transform( 1, 0, 0, 0, 1, 0, 0, 0, 1, 0, 0.75, 0 )
mesh = SubResource( 3 )
material/0 = null

[node name="Wall3" type="StaticBody" parent="."]
transform = Transform( 0.301122, 0, -0.953586, 0, 1, 0, 0.953586, 0, 0.301122, -1.01428, -0.1, -5.90168 )

[node name="CollisionShape" type="CollisionShape" parent="Wall3"]
transform = Transform( 1, 0, 0, 0, 1, 0, 0, 0, 1, 0, 0.75, 0 )
shape = SubResource( 1 )

[node name="MeshInstance" type="MeshInstance" parent="Wall3"]
transform = Transform( 1, 0, 0, 0, 1, 0, 0, 0, 1, 0, 0.75, 0 )
mesh = SubResource( 3 )
material/0 = null

[node name="Wall4" type="StaticBody" parent="."]
transform = Transform( 0.301122, 0, -0.953586, 0, 1, 0, 0.953586, 0, 0.301122, -6.31069, -0.1, -8.90617 )

[node name="CollisionShape" type="CollisionShape" parent="Wall4"]
transform = Transform( 1, 0, 0, 0, 1, 0, 0, 0, 1, 0, 0.75, 0 )
shape = SubResource( 1 )

[node name="MeshInstance" type="MeshInstance" parent="Wall4"]
transform = Transform( 1, 0, 0, 0, 1, 0, 0, 0, 1, 0, 0.75, 0 )
mesh = SubResource( 3 )
material/0 = null

[node name="Wall5" type="StaticBody" parent="."]
transform = Transform( 0.301122, 0, -0.953586, 0, 1, 0, 0.953586, 0, 0.301122, -0.52013, 3.64584, -1.52638 )

[node name="CollisionShape" type="CollisionShape" parent="Wall5"]
transform = Transform( 1, 0, 0, 0, 1, 0, 0, 0, 1, 0, 0.75, 0 )
shape = SubResource( 1 )

[node name="MeshInstance" type="MeshInstance" parent="Wall5"]
transform = Transform( 1, 0, 0, 0, 1, 0, 0, 0, 1, 0, 0.75, 0 )
mesh = SubResource( 3 )
material/0 = null

[node name="Player" parent="." instance=ExtResource( 1 )]

[node name="DirectionalLight" type="DirectionalLight" parent="."]
transform = Transform( 0.922464, 0.1828, -0.340065, 0, 0.880808, 0.473473, 0.386083, -0.436762, 0.812514, 0, 7.09923, 0 )
shadow_enabled = true
